0 0 0 0 -0.504212
0 0 0 1 -0.188764
0 0 0 2 -0.0263665
0 0 0 3 -0.283916
0 0 0 4 -0.130877
0 0 0 5 -0.113927
0 0 0 6 -0.353798
0 0 0 7 -0.305111
0 0 0 8 -0.297609
0 0 0 9 -0.693375
0 0 0 10 -0.115037
0 0 0 11 -0.619664
0 0 0 12 -0.703482
0 0 0 13 -0.367997
0 0 0 14 -0.513816
0 0 0 15 -0.499099
0 0 0 16 -0.393701
0 0 0 17 -0.503335
0 0 0 18 -0.491115
0 0 0 19 -0.536589
0 0 0 20 -0.560179
0 0 0 21 -0.762585
0 0 0 22 -0.772808
0 0 0 23 -0.419757
0 0 0 24 0.0301854
0 0 0 25 -0.334315
0 0 0 26 -0.340353
0 0 0 27 -0.0242514
0 0 0 28 -0.42549
0 0 0 29 -0.273545
0 0 0 30 -0.196109
0 0 0 31 -0.245308
0 0 0 32 -0.216327
0 0 0 33 -0.150365
0 0 0 34 -0.204197
0 0 0 35 -0.340801
0 0 0 36 -0.232929
0 0 0 37 -0.396384
0 0 0 38 -0.804932
0 0 0 39 -0.315102
0 0 0 40 -0.585982
0 0 0 41 -0.399102
0 0 0 42 0.0961994
0 0 0 43 -0.0890645
0 0 0 44 -0.0882989
0 0 0 45 0.0318777
0 0 0 46 -0.0299389
0 0 0 47 -0.617196
0 0 0 48 -0.185371
0 0 0 49 -0.538692
0 0 0 50 -0.601748
0 0 0 51 -0.276573
0 0 0 52 -0.509524
0 0 0 53 -0.585268
0 0 0 54 -0.639664
0 0 0 55 -0.301429
0 0 0 56 -0.47553
0 0 0 57 -0.439963
0 0 0 58 -0.553927
0 0 0 59 -0.515341
0 0 0 60 -0.619717
0 0 0 61 -0.554524
0 0 0 62 -0.406561
0 0 0 63 -0.468274
0 0 0 64 -0.35247
0 0 0 65 0.00648938
0 0 0 66 -0.519849
0 0 0 67 -0.155396
0 0 0 68 -0.581025
0 0 0 69 -0.524645
0 0 0 70 -0.438131
0 0 0 71 -0.0782401
0 0 0 72 -0.00753932
0 0 0 73 0.0754035
0 0 0 74 0.0993121
0 0 0 75 0.00120243
0 0 0 76 0.162521
0 0 0 77 -0.24927
0 0 0 78 -0.499461
0 0 0 79 -0.262564
0 0 0 80 -0.574965
0 0 0 81 -0.621236
0 0 0 82 -0.477822
0 0 0 83 0.231814
0 0 0 84 -0.271663
0 0 0 85 0.0222371
0 0 0 86 -0.457063
0 0 0 87 -0.42544
0 0 0 88 -0.522851
0 0 0 89 -0.349235
0 0 0 90 -0.606876
0 0 0 91 -0.688346
0 0 0 92 -0.357006
0 0 0 93 -0.695573
0 0 0 94 -0.447271
0 0 0 95 -0.854293
